column,start,length
record_type,0,1
case_number,1,13
sequence_number,14,4
last_name,18,15
first_name,33,10
middle_initial,43,1
street_address,44,20
city_state,64,15
zip_code,79,5
sex,84,1
date_of_birth,85,8
arrest_date,93,8
init_date,101,8
ctl_booking_number,109,9
fingerprint_number,118,9
state_police_id_number,127,9
fbi_id_number,136,9
